28.55792889595323 77.22873736845192
latitude=11.7
longitude=77.9
